2133768904
1402592777
1779441909
1164907123
368497781
99839041
1635316556
1606409506
503519319
1173027371
1739587099
351658025
1060315243
741926573
34697441
1665870704
430077688
1830799782
1935475126
2022117563
2018151020
1650023074
1322625325
1751521070
1918752764
1071375547
650730874
1179345793
1244922946
774206162
1847826244
1174346301
120602911
1416788218
1390355906
258972862
1013768651
447766869
1739655370
2125515965
564096140
759571459
1010405526
1707880416
811066310
157357523
341868255
163523436
1525683378
1177713932
1268365033
926252138
543692457
1987327236
236873380
1288561986
920970869
37847656
289448235
1057832212
1229395524
1367892270
1378156011
1505468402
498111493
74446672
1502604260
1184168686
954376904
948332085
527087136
1055763983
459835026
293733082
1707811472
80904845
1512579514
1449736416
2085304994
1143456952
268503618
118302590
1162871732
342108773
11848075
1807721851
1632053289
1634246431
46787978
2000293672
151236347
1082120121
687816478
1380079303
1187471838
1955063023
1437157364
344041057
1010209951
1409678680
253861891
1929628731
381430571
239449137
1582647518
851007489
1118442799
10947842
276924342
1967107525
1983208033
481180328
7912039
1302385989
1696818889
1382997511
894048268
1155749393
1372945733
53409890
1312715777
800592079
514287825
1137116894
360421135
940620283
61377882
1902067863
1544188842
1179683356
252069957
1996073550
1145724100
1248608740
744898051
820968303
664911981
1077551823
1578958821
355560685
747460063
243856670
902913486
1837686643
1002246461
1891018454
1387393533
114889313
437416258
55521322
115666521
1804414069
751583782
1800607718
144202307
1230617811
809912557
711646229
1596978477
797759880
1280917270
767184193
1511246361
34149320
2095452701
304982377
2013050552
901602376
1432067959
1608849903
1099414849
755384896
643151625
1299281986
335910630
665551341
404749361
1933843356
1705581860
777979006
930741880
1418060812
1341642409
2025234208
967927713
842649010
1649794154
314486615
2130542903
456082729
64953119
1201191971
34049058
609755425
1402685004
1257578062
2136180885
227755438
1993352166
823003369
949075681
2026709863
9284687
1995964736
795050625
1411099482
788130997
1303473260
1982314571
729866503
2016894555
894920846
51294021
278781826
1837158454
1503211398
1648984489
674866945
326996016
1672703801
1969860558
829288882
638917673
732677317
1959752516
2051304887
626925818
677918789
1797984083
1573410865
845762424
769857767
1613928059
1835161040
1049836467
832914036
151421448
1416131676
701564072
1260951479
1144903298
591693217
1909613117
1469146963
2133973821
1935174404
633746081
847759188
339349852
1815637568
1157211650
1252401264
1056267142
238052351
232314596
485720010
1627599813
2092218603
348727153
1596152288
76767215
2115234871
1372907626
1334116603
1441168258
1373394827
873257654
1124794537
1176389871
410604472
877804990
225306669
168208329
135864675
86372086
614272989
1969572302
1638141845
1626834100
1667030247
719782814
1923764596
86954945
1573084557
1208719431
345561029
1223621294
2110627355
1019690933
356512866
1114554189
205163901
2095930341
1409009207
564246995
1362475794
625509895
1378883942
1996074077
1517233403
26545432
1859404059
1035008813
291865686
223518980
385951882
235516806
1273734454
1801900079
1159129859
1311919041
1573839724
170278363
25035694
1314686964
267960000
280751214
160050436
590536675
2141675349
806920142
448119624
175324479
449784090
2032510761
1739164994
1079595257
1512353236
537533403
1136837207
761450521
1420250529
1991502020
1785426784
2013940009
1473177260
188734671
233913127
992934260
336287235
1576652621
932121388
397318851
379614022
374813769
1271550037
763420252
540826516
1140274925
1914398543
