7912039
9284687
10947842
11848075
25035694
26545432
34049058
34149320
34697441
37847656
46787978
51294021
53409890
55521322
61377882
64953119
74446672
76767215
80904845
86372086
86954945
99839041
114889313
115666521
118302590
120602911
135864675
144202307
151236347
151421448
157357523
160050436
163523436
168208329
170278363
175324479
188734671
205163901
223518980
225306669
227755438
232314596
233913127
235516806
236873380
238052351
239449137
243856670
252069957
253861891
258972862
267960000
268503618
276924342
278781826
280751214
289448235
291865686
293733082
304982377
314486615
326996016
335910630
336287235
339349852
341868255
342108773
344041057
345561029
348727153
351658025
355560685
356512866
360421135
368497781
374813769
379614022
381430571
385951882
397318851
404749361
410604472
430077688
437416258
447766869
448119624
449784090
456082729
459835026
481180328
485720010
498111493
503519319
514287825
527087136
537533403
540826516
543692457
564096140
564246995
590536675
591693217
609755425
614272989
625509895
626925818
633746081
638917673
643151625
650730874
664911981
665551341
674866945
677918789
687816478
701564072
711646229
719782814
729866503
732677317
741926573
744898051
747460063
751583782
755384896
759571459
761450521
763420252
767184193
769857767
774206162
777979006
788130997
795050625
797759880
800592079
806920142
809912557
811066310
820968303
823003369
829288882
832914036
842649010
845762424
847759188
851007489
873257654
877804990
894048268
894920846
901602376
902913486
920970869
926252138
930741880
932121388
940620283
948332085
949075681
954376904
967927713
992934260
1002246461
1010209951
1010405526
1013768651
1019690933
1035008813
1049836467
1055763983
1056267142
1057832212
1060315243
1071375547
1077551823
1079595257
1082120121
1099414849
1114554189
1118442799
1124794537
1136837207
1137116894
1140274925
1143456952
1144903298
1145724100
1155749393
1157211650
1159129859
1162871732
1164907123
1173027371
1174346301
1176389871
1177713932
1179345793
1179683356
1184168686
1187471838
1201191971
1208719431
1223621294
1229395524
1230617811
1244922946
1248608740
1252401264
1257578062
1260951479
1268365033
1271550037
1273734454
1280917270
1288561986
1299281986
1302385989
1303473260
1311919041
1312715777
1314686964
1322625325
1334116603
1341642409
1362475794
1367892270
1372907626
1372945733
1373394827
1378156011
1378883942
1380079303
1382997511
1387393533
1390355906
1402592777
1402685004
1409009207
1409678680
1411099482
1416131676
1416788218
1418060812
1420250529
1432067959
1437157364
1441168258
1449736416
1469146963
1473177260
1502604260
1503211398
1505468402
1511246361
1512353236
1512579514
1517233403
1525683378
1544188842
1573084557
1573410865
1573839724
1576652621
1578958821
1582647518
1596152288
1596978477
1606409506
1608849903
1613928059
1626834100
1627599813
1632053289
1634246431
1635316556
1638141845
1648984489
1649794154
1650023074
1665870704
1667030247
1672703801
1696818889
1705581860
1707811472
1707880416
1739164994
1739587099
1739655370
1751521070
1779441909
1785426784
1797984083
1800607718
1801900079
1804414069
1807721851
1815637568
1830799782
1835161040
1837158454
1837686643
1847826244
1859404059
1891018454
1902067863
1909613117
1914398543
1918752764
1923764596
1929628731
1933843356
1935174404
1935475126
1955063023
1959752516
1967107525
1969572302
1969860558
1982314571
1983208033
1987327236
1991502020
1993352166
1995964736
1996073550
1996074077
2000293672
2013050552
2013940009
2016894555
2018151020
2022117563
2025234208
2026709863
2032510761
2051304887
2085304994
2092218603
2095452701
2095930341
2110627355
2115234871
2125515965
2130542903
2133768904
2133973821
2136180885
2141675349
