523 0
482 1
539 2
168 3
509 4
450 5
245 6
90 7
120 8
790 9
208 10
84 11
683 12
33 13
824 14
19 15
148 16
873 17
57 18
228 19
607 20
293 21
975 22
80 23
785 24
887 25
543 26
764 27
231 28
786 29
115 30
754 31
620 32
654 33
275 34
481 35
104 36
520 37
571 38
577 39
662 40
779 41
13 42
345 43
812 44
837 45
365 46
960 47
62 48
422 49
540 50
21 51
67 52
868 53
101 54
852 55
107 56
997 57
968 58
339 59
135 60
83 61
93 62
755 63
90 64
720 65
236 66
194 67
593 68
159 69
123 70
255 71
290 72
136 73
953 74
102 75
325 76
318 77
414 78
387 79
92 80
307 81
408 82
159 83
175 84
510 85
363 86
282 87
859 88
331 89
973 90
994 91
766 92
67 93
749 94
856 95
139 96
337 97
403 98
84 99
848 100
526 101
340 102
138 103
15 104
645 105
592 106
340 107
315 108
6 109
728 110
407 111
665 112
136 113
918 114
192 115
998 116
281 117
475 118
857 119
964 120
448 121
203 122
730 123
867 124
304 125
587 126
359 127
641 128
342 129
443 130
841 131
868 132
135 133
979 134
883 135
780 136
571 137
224 138
447 139
930 140
304 141
854 142
947 143
792 144
124 145
140 146
143 147
405 148
967 149
352 150
721 151
767 152
556 153
804 154
987 155
860 156
743 157
346 158
854 159
85 160
141 161
695 162
305 163
629 164
27 165
541 166
409 167
950 168
117 169
857 170
232 171
421 172
63 173
180 174
213 175
188 176
320 177
356 178
945 179
639 180
61 181
19 182
406 183
617 184
823 185
393 186
477 187
566 188
91 189
683 190
3 191
233 192
379 193
308 194
862 195
406 196
849 197
623 198
356 199
966 200
832 201
941 202
739 203
248 204
121 205
305 206
788 207
793 208
13 209
85 210
432 211
74 212
104 213
838 214
691 215
279 216
584 217
521 218
197 219
675 220
204 221
200 222
260 223
583 224
861 225
474 226
341 227
62 228
450 229
50 230
381 231
282 232
991 233
120 234
882 235
464 236
425 237
670 238
257 239
439 240
756 241
689 242
865 243
860 244
879 245
557 246
140 247
815 248
78 249
337 250
843 251
634 252
890 253
103 254
570 255
751 256
930 257
911 258
165 259
380 260
313 261
546 262
14 263
656 264
19 265
897 266
120 267
796 268
567 269
377 270
587 271
675 272
418 273
453 274
888 275
650 276
10 277
380 278
465 279
440 280
69 281
308 282
74 283
959 284
764 285
644 286
62 287
694 288
908 289
580 290
74 291
573 292
126 293
88 294
230 295
145 296
337 297
350 298
294 299
257 300
80 301
881 302
932 303
850 304
334 305
820 306
500 307
696 308
200 309
318 310
136 311
622 312
626 313
563 314
581 315
742 316
559 317
996 318
436 319
467 320
576 321
862 322
393 323
54 324
303 325
623 326
552 327
640 328
973 329
846 330
897 331
405 332
727 333
830 334
256 335
62 336
2 337
756 338
758 339
555 340
74 341
247 342
177 343
53 344
810 345
110 346
147 347
721 348
458 349
584 350
541 351
34 352
798 353
934 354
441 355
101 356
557 357
993 358
742 359
882 360
839 361
991 362
288 363
918 364
173 365
544 366
980 367
176 368
652 369
91 370
83 371
79 372
338 373
260 374
132 375
500 376
722 377
279 378
221 379
181 380
215 381
114 382
567 383
14 384
48 385
360 386
467 387
605 388
353 389
561 390
840 391
544 392
553 393
128 394
463 395
726 396
672 397
795 398
254 399
676 400
886 401
337 402
755 403
576 404
949 405
887 406
76 407
672 408
519 409
650 410
205 411
86 412
764 413
124 414
452 415
813 416
485 417
920 418
770 419
190 420
481 421
610 422
87 423
386 424
90 425
550 426
113 427
114 428
697 429
367 430
791 431
584 432
57 433
546 434
160 435
6 436
786 437
589 438
30 439
657 440
239 441
235 442
743 443
3 444
712 445
196 446
168 447
549 448
468 449
291 450
739 451
301 452
901 453
826 454
688 455
344 456
728 457
153 458
458 459
426 460
872 461
249 462
362 463
929 464
148 465
874 466
288 467
934 468
463 469
318 470
591 471
54 472
906 473
686 474
58 475
618 476
234 477
578 478
167 479
702 480
221 481
258 482
356 483
475 484
437 485
44 486
819 487
165 488
549 489
277 490
943 491
421 492
879 493
305 494
703 495
27 496
180 497
991 498
961 499
995 500
309 501
904 502
50 503
215 504
942 505
460 506
185 507
177 508
38 509
704 510
231 511
260 512
963 513
587 514
735 515
400 516
983 517
554 518
917 519
532 520
183 521
861 522
306 523
62 524
518 525
9 526
89 527
698 528
352 529
402 530
694 531
661 532
658 533
96 534
229 535
601 536
556 537
414 538
130 539
594 540
119 541
361 542
206 543
434 544
301 545
293 546
186 547
636 548
199 549
103 550
521 551
383 552
316 553
827 554
445 555
835 556
188 557
887 558
885 559
540 560
641 561
931 562
553 563
300 564
27 565
134 566
901 567
583 568
901 569
383 570
530 571
372 572
744 573
736 574
806 575
397 576
30 577
992 578
34 579
581 580
447 581
555 582
964 583
764 584
734 585
762 586
599 587
274 588
1 589
484 590
166 591
642 592
768 593
719 594
942 595
795 596
206 597
195 598
379 599
107 600
578 601
909 602
831 603
675 604
997 605
637 606
72 607
379 608
981 609
458 610
961 611
428 612
365 613
277 614
192 615
99 616
39 617
143 618
725 619
392 620
980 621
891 622
35 623
748 624
963 625
329 626
543 627
169 628
525 629
274 630
628 631
455 632
535 633
459 634
130 635
533 636
448 637
555 638
912 639
429 640
13 641
225 642
209 643
731 644
503 645
754 646
182 647
894 648
249 649
908 650
287 651
229 652
799 653
674 654
329 655
762 656
3 657
873 658
931 659
880 660
499 661
911 662
688 663
35 664
370 665
818 666
920 667
818 668
725 669
184 670
599 671
91 672
410 673
161 674
822 675
265 676
267 677
4 678
159 679
516 680
912 681
798 682
746 683
64 684
824 685
427 686
826 687
180 688
300 689
110 690
60 691
152 692
21 693
100 694
187 695
744 696
271 697
107 698
914 699
996 700
291 701
514 702
439 703
53 704
27 705
261 706
318 707
294 708
618 709
478 710
810 711
882 712
628 713
908 714
946 715
453 716
336 717
125 718
633 719
988 720
235 721
45 722
140 723
608 724
146 725
679 726
352 727
417 728
138 729
267 730
765 731
782 732
133 733
205 734
835 735
160 736
818 737
154 738
454 739
436 740
984 741
616 742
319 743
964 744
877 745
617 746
417 747
213 748
742 749
402 750
553 751
977 752
448 753
46 754
938 755
946 756
725 757
290 758
715 759
216 760
557 761
480 762
998 763
42 764
37 765
185 766
202 767
856 768
339 769
656 770
644 771
675 772
625 773
315 774
640 775
502 776
933 777
409 778
67 779
27 780
812 781
620 782
357 783
260 784
666 785
295 786
558 787
744 788
585 789
273 790
312 791
495 792
105 793
310 794
537 795
143 796
495 797
740 798
351 799
187 800
748 801
995 802
214 803
725 804
311 805
854 806
227 807
596 808
616 809
294 810
623 811
428 812
267 813
980 814
40 815
933 816
275 817
598 818
29 819
213 820
871 821
341 822
708 823
328 824
3 825
597 826
471 827
851 828
689 829
174 830
390 831
790 832
170 833
956 834
515 835
833 836
811 837
743 838
429 839
427 840
389 841
404 842
207 843
656 844
737 845
247 846
942 847
12 848
845 849
323 850
577 851
68 852
665 853
637 854
396 855
20 856
235 857
220 858
223 859
276 860
394 861
965 862
66 863
916 864
922 865
934 866
749 867
85 868
677 869
530 870
864 871
418 872
287 873
71 874
75 875
24 876
318 877
17 878
36 879
515 880
692 881
966 882
935 883
709 884
603 885
331 886
730 887
838 888
903 889
305 890
115 891
650 892
271 893
533 894
566 895
545 896
467 897
668 898
630 899
496 900
198 901
494 902
915 903
837 904
917 905
342 906
861 907
235 908
711 909
250 910
102 911
403 912
216 913
37 914
113 915
819 916
720 917
195 918
658 919
624 920
500 921
125 922
274 923
123 924
658 925
192 926
668 927
478 928
860 929
298 930
974 931
411 932
144 933
889 934
248 935
61 936
583 937
110 938
648 939
294 940
712 941
750 942
698 943
928 944
139 945
811 946
747 947
860 948
6 949
757 950
836 951
858 952
234 953
110 954
982 955
245 956
654 957
2 958
723 959
515 960
653 961
697 962
278 963
797 964
939 965
526 966
211 967
874 968
988 969
211 970
169 971
700 972
962 973
867 974
980 975
101 976
30 977
728 978
313 979
388 980
837 981
149 982
598 983
72 984
611 985
580 986
317 987
266 988
935 989
392 990
133 991
588 992
441 993
763 994
737 995
380 996
641 997
948 998
255 999
